Start: 1575991663
123298 || 1
125891 || 2
123430 || 3
140235 || 4
169959 || 5
202675 || 6
224023 || 7
235583 || 8
235551 || 9
241683 || 10
241011 || 11
240287 || 12
236799 || 13
243299 || 14
242999 || 15
242983 || 16
242095 || 17
248295 || 18
248087 || 19
247427 || 20
247355 || 21
243471 || 22
249699 || 23
242059 || 24
242059 || 25
242059 || 26
242059 || 27
Start: 1575991939
242054 || 1
242054 || 2
|| 3
49573 || 4
75376 || 5
104705 || 6
129029 || 7
159485 || 8
182021 || 9
205481 || 10
229822 || 11
236302 || 12
236154 || 13
235562 || 14
235202 || 15
239529 || 16
238878 || 17
238142 || 18
238122 || 19
243186 || 20
242546 || 21
241527 || 22
241682 || 23
246982 || 24
246490 || 25
246230 || 26
245655 || 27
251871 || 28
251023 || 29
250143 || 30
249431 || 31
251015 || 32
250583 || 33
250607 || 34
249880 || 35
255568 || 36
254936 || 37
254204 || 38
253980 || 39
253140 || 40
Start: 1575994125
64557 || 1
85917 || 2
125850 || 3
166044 || 4
217119 || 5
230443 || 6
236198 || 7
235846 || 8
235590 || 9
234494 || 10
239650 || 11
239322 || 12
239231 || 13
238839 || 14
244327 || 15
243559 || 16
242539 || 17
248051 || 18
247011 || 19
245947 || 20
245080 || 21
250434 || 22
250166 || 23
249082 || 24
248562 || 25
253850 || 26
253374 || 27
252186 || 28
252078 || 29
257562 || 30
256318 || 31
255606 || 32
260926 || 33
259602 || 34
258842 || 35
254586 || 36
Start: 1575998499
65278 || 1
65231 || 2
65247 || 3
161325 || 4
233656 || 5
254548 || 6
256200 || 7
255396 || 8
255208 || 9
258772 || 10
258184 || 11
257563 || 12
262815 || 13
262012 || 14
260644 || 15
260444 || 16
265244 || 17
264012 || 18
263673 || 19
268953 || 20
267821 || 21
266685 || 22
266109 || 23
271865 || 24
270581 || 25
269453 || 26
269501 || 27
274321 || 28
273771 || 29
272627 || 30
278291 || 31
277367 || 32
276639 || 33
275759 || 34
281163 || 35
280123 || 36
279535 || 37
285051 || 38
284151 || 39
Start: 1576009051
0 || 1
0 || 2
0 || 3
0 || 4
0 || 5
0 || 6
0 || 7
Start: 1576009082
683984 || 1
752220 || 2
792078 || 3
768522 || 4
799758 || 5
821836 || 6
842789 || 7
880537 || 8
885313 || 9
888209 || 10
891137 || 11
894929 || 12
884959 || 13
877903 || 14
878671 || 15
881983 || 16
890443 || 17
892661 || 18
900205 || 19
904049 || 20
897465 || 21
898361 || 22
900973 || 23
901431 || 24
879799 || 25
887975 || 26
891507 || 27
894667 || 28
896691 || 29
894087 || 30
883493 || 31
884918 || 32
884910 || 33
887154 || 34
888704 || 35
890484 || 36
895240 || 37
883816 || 38
885068 || 39
891876 || 40
899048 || 41
916036 || 42
914728 || 43
919996 || 44
902128 || 45
905012 || 46
901264 || 47
874768 || 48
874244 || 49
874244 || 50
874224 || 51
874140 || 52
874140 || 53
874140 || 54
874140 || 55
874068 || 56
874068 || 57
874068 || 58
874062 || 59
874068 || 60
874068 || 61
874068 || 62
874076 || 63
874072 || 64
855756 || 65
855504 || 66
855508 || 67
855508 || 68
855508 || 69
855512 || 70
855512 || 71
855512 || 72
855516 || 73
855200 || 74
855140 || 75
855144 || 76
855144 || 77
855148 || 78
853845 || 79
853845 || 80
853304 || 81
853039 || 82
852930 || 83
852934 || 84
852382 || 85
852386 || 86
852274 || 87
852274 || 88
852278 || 89
852278 || 90
852222 || 91
852226 || 92
852226 || 93
852230 || 94
852230 || 95
882102 || 96
885342 || 97
872782 || 98
863950 || 99
863950 || 100
870886 || 101
870522 || 102
870598 || 103
870569 || 104
870569 || 105
870553 || 106
870485 || 107
870485 || 108
870485 || 109
870485 || 110
870485 || 111
870485 || 112
870105 || 113
870105 || 114
870105 || 115
870105 || 116
870105 || 117
870105 || 118
863518 || 119
863310 || 120
863034 || 121
863014 || 122
863014 || 123
863014 || 124
863014 || 125
863014 || 126
863014 || 127
863010 || 128
863010 || 129
862990 || 130
862990 || 131
862958 || 132
862958 || 133
862958 || 134
862958 || 135
862958 || 136
862958 || 137
862958 || 138
862958 || 139
862958 || 140
862958 || 141
862958 || 142
862958 || 143
862958 || 144
862958 || 145
862958 || 146
862958 || 147
862966 || 148
862966 || 149
862966 || 150
862966 || 151
862966 || 152
862966 || 153
862970 || 154
862970 || 155
862970 || 156
862974 || 157
862954 || 158
862954 || 159
862958 || 160
862958 || 161
862958 || 162
862962 || 163
862962 || 164
862962 || 165
862962 || 166
Start: 1576010861
0 || 1
0 || 2
Start: 1576010929
772600 || 1
772586 || 2
772566 || 3
772578 || 4
772586 || 5
772602 || 6
772814 || 7
772518 || 8
771323 || 9
770603 || 10
770599 || 11
770559 || 12
770595 || 13
770587 || 14
770591 || 15
Start: 1576010996
743783 || 1
743778 || 2
743602 || 3
766166 || 4
773141 || 5
774435 || 6
765249 || 7
765249 || 8
765253 || 9
765253 || 10
765253 || 11
765257 || 12
765257 || 13
765137 || 14
765357 || 15
765110 || 16
793233 || 17
827487 || 18
851807 || 19
862081 || 20
874931 || 21
897688 || 22
912686 || 23
927243 || 24
944042 || 25
964171 || 26
976398 || 27
995482 || 28
1017529 || 29
1043453 || 30
994493 || 31
851889 || 32
841105 || 33
Start: 1576011143
813062 || 1
813063 || 2
813063 || 3
835554 || 4
854616 || 5
850149 || 6
843955 || 7
843951 || 8
843951 || 9
843951 || 10
843951 || 11
843955 || 12
843955 || 13
880942 || 14
883665 || 15
956772 || 16
974117 || 17
987431 || 18
1000586 || 19
1015789 || 20
1033511 || 21
1045758 || 22
1059228 || 23
1074882 || 24
1090642 || 25
1099236 || 26
1118571 || 27
1134722 || 28
1140390 || 29
1143366 || 30
1145304 || 31
1147742 || 32
1150774 || 33
1152490 || 34
1154002 || 35
1155822 || 36
1158102 || 37
1160004 || 38
1162053 || 39
1165185 || 40
Start: 1576011340
1090162 || 1
1090518 || 2
1089523 || 3
Start: 1576011397
925447 || 1
925447 || 2
925430 || 3
925443 || 4
923636 || 5
923612 || 6
956111 || 7
949942 || 8
944055 || 9
981061 || 10
981037 || 11
980981 || 12
980989 || 13
1001021 || 14
1041497 || 15
1055099 || 16
1073622 || 17
1090657 || 18
1109350 || 19
1123968 || 20
1138537 || 21
1151375 || 22
1163680 || 23
1179933 || 24
1194494 || 25
1214147 || 26
1224639 || 27
1227616 || 28
1231360 || 29
1233519 || 30
1235771 || 31
1237739 || 32
1239167 || 33
1241047 || 34
1242035 || 35
1245002 || 36
1246666 || 37
1249061 || 38
1202109 || 39
1187494 || 40
1187397 || 41
1187139 || 42
1187135 || 43
1187123 || 44
1187064 || 45
1187001 || 46
1186997 || 47
Start: 1576012339
0 || 1
0 || 2
0 || 3
0 || 4
0 || 5
Start: 1576012369
1079032 || 1
1071145 || 2
1071145 || 3
1066943 || 4
1066943 || 5
1067829 || 6
1067499 || 7
1116048 || 8
1089084 || 9
1139235 || 10
1137171 || 11
1137139 || 12
1137111 || 13
1137111 || 14
1137050 || 15
1179429 || 16
1229735 || 17
1259529 || 18
1287866 || 19
1339034 || 20
1369754 || 21
1406868 || 22
1410728 || 23
1414190 || 24
1420309 || 25
1421791 || 26
1424993 || 27
1427401 || 28
1431225 || 29
1436545 || 30
1438957 || 31
1421933 || 32
1424531 || 33
1425619 || 34
1428955 || 35
1430245 || 36
1432451 || 37
1434035 || 38
1438079 || 39
1440331 || 40
1442459 || 41
1373587 || 42
1352979 || 43
1352967 || 44
1352955 || 45
1352947 || 46
1352715 || 47
1352719 || 48
Start: 1576012952
1169522 || 1
1161626 || 2
1161626 || 3
1161626 || 4
1161858 || 5
1170908 || 6
1165831 || 7
1202683 || 8
1187717 || 9
1235532 || 10
1235464 || 11
1235444 || 12
1235412 || 13
1235404 || 14
1235408 || 15
1260780 || 16
1352210 || 17
1400995 || 18
1441545 || 19
1498877 || 20
1510627 || 21
1515279 || 22
1520609 || 23
1529607 || 24
1529570 || 25
1517771 || 26
1519715 || 27
1522403 || 28
1526411 || 29
1535971 || 30
1538103 || 31
1541743 || 32
1528644 || 33
1527792 || 34
1530436 || 35
1534706 || 36
1536976 || 37
1540572 || 38
1545204 || 39
1540188 || 40
1519564 || 41
1472468 || 42
1454796 || 43
1454788 || 44
1454776 || 45
1454476 || 46
1454456 || 47
1454456 || 48
1454440 || 49
1454432 || 50
